0.0164
0.0152
0.0142
0.0131
0.0123
0.0117
0.0113
0.0113
0.0119
0.013
0.0146
0.0166
0.0191
0.0214
0.0234
0.0253
0.0271
0.0284
0.0296
0.0305
0.0309
0.0308
0.0303
0.0296
0.0288
0.028
0.0272
0.0265
0.0258
0.0249
0.0236
0.0219
0.0196
0.0169
0.0138
0.0111
0.0091
0.0077
0.007
0.0068
0.0068
0.0068
0.0068
0.0068
0.007
0.008
0.0098
0.0125
0.0161
0.0204
0.0243
0.0276
0.0306
0.0331
0.035
0.0371
0.0392
0.0412
0.043
0.0446
0.046
0.0471
0.048
0.0485
0.0487
0.0486
0.0481
0.0474
0.0464
0.0453
0.0439
0.0426
0.0412
0.0399
0.0387
0.0375
0.0365
0.0354
0.0342
0.033
0.0317
0.0303
0.029
0.0278
0.0266
0.0253
0.0241
0.0229
0.0217
0.0206
0.0196
0.0187
0.0179
0.0172
0.0166
0.016
0.0155
0.0153
0.0155
0.0161
0.017
0.0182
0.0198
0.0216
0.0237
0.0264
0.0298
0.0336
0.0379
0.0427
0.0475
0.0523
0.0572
0.062
0.0667
0.0714
0.0761
0.0808
0.0857
0.0906
0.0957
0.101
0.1065
0.1122
0.118
0.1239
0.1299
0.1357
0.1412
0.1462
0.1505
0.1538
0.1561
0.1575
0.158
0.1581
0.1578
0.1573
0.1568
0.156
0.1549
0.1534
0.1514
0.149
0.1464
0.1439
0.142
0.1409
0.141
0.142
0.1438
0.1462
0.1488
0.1513
0.154
0.157
0.1606
0.1652
0.171
0.1781
0.1867
0.1962
0.2065
0.2174
0.2286
0.2396
0.251
0.2627
0.2743
0.2861
0.2981
0.31
0.3214
0.3323
0.3422
0.351
0.3583
0.3644
0.3694
0.3734
0.3767
0.3793
0.3814
0.383
0.3841
0.3846
0.3845
0.384
0.3829
0.3816
0.3803
0.3792
0.3782
0.3776
0.3772
0.377
0.3767
0.3764
0.3758
0.3749
0.3739
0.3729
0.372
0.3715
0.3712
0.3714
0.3719
0.3725
0.3734
0.3745
0.3759
0.3775
0.3793
0.381
0.3825
0.3836
0.3845
0.3855
0.387
0.389
0.3919
0.3956
0.3995
0.4033
0.4067
0.4092
0.4107
0.4114
0.412
0.4129
0.4143
0.4159
0.4172
0.4173
0.415
0.4097
0.4017
0.3918
0.3811
0.3711
0.3633
0.3586
0.3567
0.3572
0.359
0.3609
0.3612
0.3596
0.3561
0.3511
0.3459
0.3417
0.3391
0.3389
0.3406
0.3435
0.347
0.351
0.3549
0.3591
0.3641
0.3703
0.3774
0.3858
0.395
0.4043
0.4135
0.4224
0.4305
0.438
0.4455
0.4532
0.4615
0.4709
0.4812
0.4916
0.5018
0.5114
0.5195
0.5263
0.532
0.5366
0.5402
0.5434
0.5462
0.5489
0.5516
0.5542
0.5565
0.5582
0.5592
0.5593
0.5586
0.5571
0.555
0.552
0.5484
0.5441
0.5391
0.5333
0.5266
0.519
0.5106
0.5016
0.4923
0.4836
0.4755
0.4681
0.4618
0.4564
0.4513
0.4467
0.4424
0.4383
0.4345
0.4316
0.4298
0.4293
0.43
0.4318
0.4339
0.4361
0.4381
0.4402
0.4429
0.447
0.4527
0.4604
0.4699
0.4804
0.4911
0.5013
0.5102
0.5174
0.5233
0.5279
0.5317
0.5345
0.5364
0.5371
0.5364
0.5344
0.5315
0.5283
0.5255
0.5236
0.5225
0.522
0.5215
0.52
0.517
0.5126
0.5072
0.5011
0.4949
0.4893
0.484
0.4788
0.4734
0.4673
0.4606
0.4534
0.4455
0.4374
0.4291
0.4204
0.411
0.401
0.3903
0.3788
0.3674
0.3563
0.3459
0.3368
0.329
0.3223
0.3164
0.3113
0.3064
0.3016
0.2972
0.2933
0.2902
0.2881
0.2871
0.2871
0.2879
0.2894
0.2913
0.293
0.2944
0.2953
0.2957
0.2955
0.2948
0.2936
0.2921
0.2907
0.2893
0.2882
0.2878
0.288
0.2888
0.2902
0.2925
0.2955
0.2991
0.3032
0.3076
0.3119
0.3162
0.3205
0.3248
0.3288
0.333
0.3371
0.341
0.3452
0.3498
0.3548
0.3604
0.3667
0.3732
0.38
0.387
0.3939
0.4007
0.4074
0.414
0.42
0.4253
0.43
0.4341
0.4372
0.4395
0.4411
0.4416
0.441
0.4395
0.4369
0.4336
0.4295
0.4247
0.4192
0.4132
0.4065
0.3997
0.393
0.3865
0.3808
0.3758
0.3716
0.3678
0.3644
0.3604
0.3563
0.3515
0.3462
0.3407
0.3358
0.3314
0.328
0.3259
0.3245
0.3238
0.323
0.3218
0.3198
0.3166
0.3122
0.3069
0.301
0.2952
0.2904
0.2877
0.2875
0.2907
0.297
0.3057
0.316
0.3268
0.3372
0.3468
0.3559
0.3646
0.3735
0.3829
0.3927
0.4024
0.412
0.421
0.4297
0.4383
0.4473
0.4569
0.4667
0.4763
0.4853
0.4924
0.4973
0.5004
0.5016
0.5008
0.4993
0.4973
0.4951
0.4934
0.4922
0.4918
0.4922
0.4929
0.4933
0.4934
0.4925
0.4904
0.4877
0.4848
0.4822
0.4802
0.4792
0.4789
0.479
0.4789
0.4783
0.4771
0.4751
0.4728
0.4705
0.4691
0.469
0.4705
0.4737
0.4782
0.4833
0.4888
0.4947
0.5003
0.5058
0.5116
0.5174
0.5231
0.5285
0.5342
0.5401
0.5461
0.5528
0.5602
0.568
0.5758
0.5838
0.5915
0.5985
0.6051
0.6115
0.6174
0.6233
0.6288
0.6333
0.636
0.6365
0.6341
0.6292
0.6224
0.6148
0.6074
0.601
0.5958
0.5907
0.585
0.5777
0.5683
0.5565
0.5438
0.5311
0.5194
0.5094
0.5016
0.4951
0.4897
0.485
0.4808
0.4768
0.4732
0.4701
0.4672
0.4645
0.4617
0.459
0.4564
0.4544
0.4531
0.4533
0.4548
0.4578
0.4618
0.4667
0.4715
0.4764
0.4807
0.485
0.4892
0.4936
0.4982
0.5034
0.5083
0.5128
0.5165
0.5188
0.5195
0.5188
0.5169
0.5144
0.5119
0.5092
0.5064
0.5036
0.5001
0.4958
0.4911
0.4858
0.4798
0.4738
0.4676
0.4611
0.4548
0.4488
0.4427
0.4363
0.4299
0.4229
0.4153
0.4075
0.3999
0.3925
0.3854
0.3787
0.3723
0.3659
0.3595
0.3532
0.3473
0.342
0.3377
0.3348
0.3337
0.3339
0.3354
0.3378
0.341
0.3446
0.3488
0.3538
0.3596
0.366
0.373
0.3803
0.3876
0.3948
0.4014
0.4073
0.4125
0.4169
0.4206
0.4238
0.4267
0.4293
0.432
0.4347
0.4372
0.4398
0.4427
0.4453
0.4479
0.4504
0.4521
0.4533
0.4534
0.4528
0.4512
0.4496
0.4481
0.4475
0.4478
0.449
0.4504
0.4512
0.4503
0.4472
0.4423
0.4363
0.4304
0.426
0.4241
0.4251
0.4282
0.4328
0.4372
0.4408
0.4422
0.4418
0.4402
0.4383
0.4367
0.4363
0.4372
0.4393
0.4425
0.4462
0.4502
0.4541
0.4578
0.461
0.4642
0.4673
0.4706
0.4738
0.4771
0.4798
0.4815
0.4823
0.4822
0.4811
0.4795
0.4777
0.476
0.4742
0.4726
0.4712
0.4697
0.468
0.4659
0.4638
0.4615
0.4593
0.4571
0.4554
0.4538
0.4521
0.45
0.448
0.4456
0.4434
0.4417
0.4408
0.4406
0.4414
0.4428
0.4449
0.4475
0.4499
0.4523
0.4545
0.4562
0.4575
0.4591
0.4606
0.4623
0.4642
0.4663
0.4684
0.4702
0.472
0.4731
0.4737
0.4738
0.4737
0.4737
0.4744
0.4761
0.4786
0.4818
0.485
0.4878
0.4896
0.4905
0.4904
0.4898
0.4892
0.4892
0.4899
0.491
0.4927
0.4939
0.4939
0.4929
0.4909
0.4876
0.484
0.481
0.4783
0.4762
0.4746
0.4728
0.4703
0.4673
0.4639
0.4606
0.4582
0.4568
0.4565
0.4567
0.4568
0.4564
0.4551
0.453
0.4508
0.449
0.4484
0.4491
0.4511
0.454
0.4573
0.4609
0.4649
0.4696
0.475
0.4811
0.4875
0.4936
0.4988
0.5029
0.5058
0.5076
0.5084
0.5088
0.5089
0.5087
0.5085
0.5085
0.5081
0.5068
0.5047
0.5011
0.4955
0.4882
0.4798
0.4703
0.4606
0.4515
0.4428
0.4349
0.4273
0.4192
0.4105
0.4005
0.3892
0.3773
0.3651
0.3532
0.3425
0.3329
0.324
0.3159
0.3079
0.2996
0.2911
0.2828
0.2748
0.2679
0.2623
0.2582
0.2552
0.2531
0.2515
0.2496
0.2475
0.2452
0.2433
0.242
0.2422
0.2441
0.2481
0.2535
0.26
0.2668
0.2735
0.2799
0.2862
0.2928
0.3002
0.3088
0.3186
0.3292
0.3402
0.3514
0.3625
0.3735
0.3849
0.3966
0.4087
0.4208
0.4324
0.4427
0.4512
0.4576
0.4618
0.4644
0.4663
0.4682
0.4705
0.4735
0.4767
0.4791
0.48
0.4785
0.4748
0.4695
0.4636
0.4578
0.4531
0.4498
0.4468
0.4436
0.4394
0.4334
0.4252
0.416
0.4067
0.3989
0.3931
0.3907
0.3908
0.3926
0.3951
0.3978
0.3993
0.4002
0.4007
0.4017
0.4033
0.4063
0.4105
0.4152
0.4195
0.423
0.4251
0.4258
0.4253
0.4243
0.4231
0.4221
0.4219
0.4225
0.4238
0.4259
0.4286
0.4313
0.4338
0.4357
0.4369
0.4375
0.4374
0.4372
0.4369
0.4368
0.4369
0.4371
0.4368
0.4364
0.4354
0.4343
0.4332
0.4328
0.4328
0.4336
0.4347
0.4361
0.4376
0.4392
0.4403
0.4416
0.4427
0.4437
0.4449
0.4469
0.4497
0.4535
0.4585
0.4641
0.47
0.4758
0.4813
0.4867
0.4915
0.496
0.5008
0.5054
0.5099
0.5149
0.5204
0.5257
0.5308
0.535
0.5378
0.5388
0.5379
0.5353
0.5317
0.5273
0.5227
0.5183
0.514
0.5097
0.5049
0.4991
0.492
0.484
0.4754
0.4668
0.4588
0.452
0.4463
0.441
0.4356
0.4298
0.4231
0.416
0.4091
0.4032
0.3986
0.3954
0.3931
0.3908
0.3878
0.3835
0.378
0.3719
0.3658
0.3604
0.3564
0.3536
0.3518
0.3511
0.351
0.352
0.3541
0.3575
0.3625
0.3689
0.3763
0.3841
0.3921
0.3998
0.4069
0.4135
0.4201
0.4267
0.4335
0.4404
0.4477
0.4547
0.4611
0.467
0.4722
0.4764
0.48
0.4832
0.4861
0.4892
0.4924
0.4954
0.4986
0.5012
0.5025
0.5032
0.503
0.5022
0.5012
0.5007
0.5001
0.4993
0.4979
0.4954
0.4915
0.4861
0.4794
0.4716
0.4629
0.4528
0.4418
0.4296
0.4164
0.4025
0.3885
0.3744
0.3607
0.3475
0.3348
0.3223
0.3097
0.2968
0.2835
0.2697
0.2557
0.2421
0.2291
0.2171
0.2066
0.1978
0.1906
0.1852
0.1816
0.1796
0.1793
0.1808
0.1842
0.1896
0.197
0.2061
0.2165
0.2275
0.239
0.2506
0.2628
0.2757
0.2897
0.3051
0.322
0.3401
0.3589
0.378
0.3973
0.4163
0.4351
0.4539
0.4727
0.4911
0.5094
0.5267
0.5424
0.5563
0.5681
0.577
0.5833
0.5871
0.5883
0.5867
0.5828
0.5768
0.5687
0.5593
0.5495
0.5397
0.5303
0.5215
0.513
0.5043
0.4945
0.4836
0.4713
0.458
0.4441
0.4305
0.4176
0.4059
0.3958
0.3871
0.3803
0.3754
0.3724
0.3715
0.3724
0.3749
0.3786
0.3829
0.3873
0.3914
0.3951
0.3985
0.4015
0.4044
0.4075
0.4108
0.4145
0.4189
0.4238
0.4292
0.435
0.4407
0.4457
0.4501
0.4535
0.4558
0.4573
0.4587
0.4599
0.4616
0.4637
0.4658
0.4677
0.4688
0.4688
0.468
0.4667
0.4654
0.4648
0.4652
0.4664
0.4684
0.471
0.4738
0.4763
0.4784
0.4801
0.4815
0.4827
0.4841
0.4858
0.4879
0.4903
0.4927
0.4951
0.4976
0.4994
0.5008
0.5019
0.5024
0.5019
0.5015
0.5011
0.501
0.5011
0.5016
0.502
0.502
0.5006
0.4984
0.495
0.4905
0.4852
0.4798
0.4741
0.4683
0.4623
0.4558
0.4484
0.4401
0.431
0.4217
0.4125
0.404
0.3966
0.3902
0.3848
0.3799
0.3752
0.3705
0.3658
0.3613
0.3576
0.3552
0.3548
0.3564
0.3604
0.3661
0.3729
0.3801
0.3868
0.3923
0.3969
0.4008
0.4044
0.4089
0.4151
0.4229
0.4321
0.4421
0.4517
0.4604
0.4679
0.4738
0.4793
0.4846
0.4903
0.4963
0.503
0.5094
0.5154
0.5201
0.5238
0.5262
0.5278
0.5286
0.5292
0.5295
0.5297
0.5294
0.5289
0.5277
0.526
0.5243
0.5225
0.5211
0.5201
0.5196
0.5191
0.5188
0.518
0.5164
0.5141
0.511
0.5071
0.5025
0.4977
0.4924
0.4868
0.4808
0.4742
0.4668
0.4589
0.4508
0.4426
0.4351
0.4285
0.4229
0.4183
0.4145
0.4108
0.4066
0.4016
0.396
0.3897
0.3836
0.3784
0.3748
0.3732
0.3739
0.3768
0.3818
0.3883
0.3962
0.4051
0.4147
0.4253
0.4367
0.449
0.462
0.4756
0.4887
0.5006
0.5112
0.5199
0.527
0.5325
0.5369
0.5403
0.5428
0.5441
0.544
0.5421
0.538
0.5317
0.5236
0.514
0.5039
0.4941
0.4853
0.4775
0.4712
0.466
0.4615
0.4576
0.4541
0.4511
0.4485
0.4467
0.4455
0.4448
0.4444
0.444
0.4433
0.4424
0.4415
0.4408
0.4409
0.4419
0.4439
0.4465
0.4496
0.4525
0.4551
0.4572
0.459
0.4609
0.4633
0.4662
0.4696
0.4733
0.4765
0.4789
0.4802
0.4805
0.4797
0.4785
0.4768
0.475
0.4732
0.4714
0.4696
0.468
0.4663
0.4645
0.4625
0.4598
0.4564
0.4522
0.4472
0.4415
0.4355
0.4297
0.4241
0.419
0.4145
0.4102
0.406
0.4017
0.3972
0.3927
0.3886
0.3847
0.3814
0.3787
0.3767
0.375
0.374
0.3733
0.3729
0.3728
0.3728
0.3729
0.3733
0.3739
0.3747
0.376
0.3777
0.3795
0.3815
0.3838
0.386
0.3882
0.3905
0.3932
0.3959
0.3989
0.4022
0.4053
0.4078
0.4097
0.4107
0.4108
0.4099
0.4086
0.4066
0.4042
0.4012
0.3977
0.3933
0.3881
0.3826
0.3767
0.3707
0.365
0.3596
0.3538
0.3478
0.3415
0.3347
0.3275
0.3208
0.3147
0.3101
0.3072
0.3066
0.308
0.3112
0.315
0.3192
0.3228
0.326
0.3288
0.3318
0.3356
0.3406
0.3474
0.3555
0.3647
0.3745
0.3843
0.3931
0.4009
0.4072
0.4122
0.4163
0.4204
0.4253
0.432
0.4403
0.4502
0.4606
0.4704
0.4782
0.4831
0.4847
0.4833
0.4797
0.4752
0.4712
0.4684
0.4671
0.4672
0.4678
0.4681
0.4676
0.4661
0.4636
0.4603
0.4566
0.4527
0.4493
0.4461
0.4434
0.4411
0.4392
0.437
0.4351
0.4334
0.4326
0.4323
0.433
0.4344
0.4366
0.4391
0.4422
0.4457
0.4497
0.4541
0.4589
0.464
0.4693
0.4747
0.4803
0.4861
0.4923
0.4989
0.5064
0.5142
0.5223
0.5305
0.5385
0.5458
0.5526
0.559
0.5652
0.5714
0.5777
0.5848
0.592
0.5992
0.6059
0.6119
0.6165
0.62
0.6224
0.6243
0.626
0.6279
0.6301
0.6324
0.6344
0.6356
0.6355
0.6339
0.6308
0.6265
0.6214
0.616
0.6106
0.6045
0.5973
0.5882
0.5764
0.5616
0.5445
0.5261
0.5077
0.4912
0.4776
0.4681
0.4634
0.4632
0.4671
0.4741
0.4836
0.4945
0.5061
0.5183
0.5308
0.5431
0.5545
0.5645
0.5723
0.5777
0.5807
0.5823
0.5834
0.5844
0.586
0.588
0.5898
0.5903
0.5894
0.5869
0.5826
0.5774
0.5724
0.5676
0.563
0.5591
0.5552
0.5504
0.5447
0.5382
0.5305
0.5224
0.5143
0.5067
0.4994
0.4929
0.4865
0.4798
0.4725
0.4645
0.4558
0.4465
0.4371
0.4278
0.4185
0.4092
0.4
0.3908
0.3813
0.372
0.3627
0.3533
0.344
0.3351
0.3263
0.318
0.3102
0.303
0.2963
0.2901
0.2842
0.2784
0.2727
0.2671
0.2617
0.2567
0.2524
0.2489
0.2463
0.2448
0.2441
0.244
0.2444
0.2455
0.2474
0.2506
0.2557
0.263
0.2723
0.2837
0.2966
0.3099
0.3231
0.3359
0.3478
0.359
0.3696
0.3806
0.392
0.4034
0.4149
0.4261
0.436
0.4439
0.4501
0.4544
0.4569
0.4586
0.4604
0.4628
0.4659
0.4697
0.4738
0.4773
0.4796
0.4804
0.4795
0.4767
0.4723
0.4665
0.4598
0.4528
0.4459
0.4396
0.4338
0.4286
0.4232
0.417
0.4098
0.401
0.3905
0.3794
0.3682
0.3575
0.3483
0.341
0.3351
0.3304
0.3267
0.3232
0.3194
0.3154
0.3113
0.3074
0.304
0.3018
0.3009
0.3012
0.3027
0.3054
0.3087
0.313
0.318
0.3237
0.3297
0.336
0.3418
0.3474
0.3523
0.3567
0.3604
0.3643
0.3676
0.3705
0.3728
0.3745
0.3749
0.3739
0.3718
0.3687
0.3652
0.3615
0.3584
0.3558
0.3533
0.351
0.3487
0.3463
0.344
0.3425
0.3419
0.3423
0.3438
0.3461
0.3484
0.3505
0.3522
0.3531
0.3536
0.3539
0.3545
0.3555
0.357
0.3587
0.3605
0.3622
0.364
0.3659
0.3684
0.3716
0.3755
0.3802
0.3854
0.3909
0.3963
0.4012
0.4057
0.4095
0.4128
0.4159
0.4194
0.4233
0.4283
0.4341
0.4406
0.4471
0.4537
0.4598
0.4649
0.4692
0.4735
0.4777
0.482
0.4868
0.4921
0.4969
0.501
0.5045
0.5071
0.5089
0.5108
0.5129
0.5153
0.5175
0.5186
0.5177
0.5139
0.507
0.4979
0.4877
0.4782
0.4706
0.4657
0.4633
0.463
0.4638
0.4647
0.4652
0.4653
0.465
0.4653
0.4663
0.4684
0.4712
0.4742
0.4763
0.4767
0.4752
0.472
0.4677
0.4633
0.4597
0.4572
0.4558
0.455
0.4538
0.4515
0.4476
0.4421
0.435
0.4275
0.42
0.4136
0.4085
0.4052
0.403
0.4015
0.3997
0.3971
0.3935
0.3895
0.3852
0.3811
0.3779
0.3756
0.3738
0.3723
0.371
0.3694
0.3671
0.3644
0.3615
0.3586
0.3561
0.354
0.3524
0.351
0.3499
0.3486
0.3473
0.3455
0.3434
0.3412
0.3389
0.3365
0.3345
0.333
0.3317
0.3306
0.3301
0.3295
0.329
0.3285
0.3282
0.3277
0.3275
0.3274
0.3277
0.3284
0.3296
0.3313
0.3334
0.3359
0.3387
0.3418
0.345
0.3484
0.352
0.3557
0.3595
0.3635
0.3677
0.3719
0.3766
0.3816
0.3867
0.3917
0.3964
0.4003
0.4033
0.405
0.4054
0.4047
0.4034
0.4017
0.4003
0.3997
0.4
0.4009
0.4023
0.4035
0.4037
0.4019
0.3983
0.3926
0.3858
0.379
0.3738
0.3704
0.3694
0.3702
0.3718
0.3725
0.3715
0.3681
0.3621
0.354
0.345
0.3356
0.3266
0.3179
0.3096
0.3011
0.2926
0.2837
0.2752
0.2676
0.2611
0.256
0.2521
0.2485
0.2445
0.24
0.2347
0.2294
0.2251
0.2229
0.2231
0.226
0.2306
0.2359
0.2404
0.2437
0.2456
0.2469
0.2488
0.2526
0.2585
0.2667
0.2765
0.2865
0.2958
0.304
0.311
0.3175
0.3241
0.3316
0.3403
0.3498
0.3595
0.3691
0.3778
0.3853
0.3917
0.3975
0.4027
0.4079
0.4131
0.4185
0.4236
0.4282
0.4318
0.4342
0.4355
0.4361
0.4364
0.4367
0.4372
0.4376
0.4375
0.4368
0.4353
0.4328
0.4296
0.4261
0.4223
0.4182
0.4141
0.4098
0.4053
0.4005
0.3955
0.3906
0.3855
0.3803
0.3756
0.3711
0.3666
0.3624
0.3582
0.3537
0.3493
0.3449
0.3407
0.3371
0.3343
0.3325
0.3321
0.3328
0.3344
0.3364
0.3381
0.3395
0.3406
0.3417
0.3436
0.3466
0.351
0.3566
0.3633
0.3705
0.3779
0.3852
0.3927
0.4004
0.4087
0.4175
0.4274
0.4378
0.4482
0.4582
0.4674
0.4753
0.4819
0.4874
0.4922
0.4973
0.5028
0.5092
0.5167
0.5243
0.5314
0.5375
0.5418
0.5445
0.5463
0.5476
0.5496
0.5531
0.5581
0.5643
0.5715
0.5785
0.5844
0.5888
0.5917
0.5929
0.5928
0.5917
0.5899
0.5874
0.5845
0.5811
0.5771
0.5726
0.5679
0.5628
0.5574
0.5521
0.5468
0.5415
0.5365
0.5318
0.5275
0.5239
0.5208
0.5182
0.516
0.5139
0.5117
0.5092
0.5065
0.5032
0.5001
0.4971
0.4943
0.4922
0.4906
0.4893
0.4879
0.4864
0.4845
0.4823
0.4799
0.4778
0.4756
0.4736
0.4713
0.4683
0.4644
0.4596
0.454
0.4478
0.4419
0.4358
0.43
0.4248
0.4198
0.4147
0.4095
0.4041
0.3982
0.3923
0.3868
0.3819
0.3776
0.3741
0.3709
0.3679
0.365
0.3624
0.3599
0.3578
0.3564
0.3559
0.3562
0.357
0.3582
0.3592
0.3597
0.3597
0.3598
0.3597
0.36
0.361
0.3627
0.3645
0.3666
0.3686
0.3703
0.3716
0.3732
0.3757
0.3794
0.3849
0.3921
0.4007
0.4099
0.419
0.4276
0.4355
0.4428
0.4496
0.4562
0.4631
0.4704
0.4781
0.4861
0.4942
0.5018
0.5086
0.5141
0.5178
0.5197
0.52
0.5191
0.5173
0.5154
0.5137
0.5121
0.5101
0.5075
0.5039
0.499
0.4934
0.4878
0.4825
0.478
0.4744
0.4714
0.4688
0.4663
0.4637
0.4608
0.4578
0.4545
0.4511
0.4479
0.4451
0.4429
0.4415
0.4406
0.4396
0.4386
0.4374
0.4359
0.4345
0.4339
0.4336
0.434
0.4345
0.4348
0.4343
0.4331
0.4308
0.4283
0.4256
0.423
0.4206
0.4185
0.4157
0.4122
0.4077
0.4024
0.396
0.3894
0.3829
0.3767
0.3707
0.3654
0.3603
0.3547
0.3487
0.3422
0.335
0.3272
0.3197
0.3126
0.3062
0.3004
0.2953
0.2908
0.2866
0.2825
0.2788
0.2754
0.2723
0.2693
0.2665
0.2637
0.2606
0.2578
0.2553
0.2535
0.2527
0.2532
0.255
0.2578
0.2616
0.266
0.2708
0.2754
0.2802
0.285
0.2901
0.296
0.3029
0.3108
0.3195
0.3281
0.3359
0.3422
0.3465
0.3486
0.3489
0.3479
0.3463
0.3453
0.3453
0.3467
0.3495
0.3534
0.3572
0.36
0.3614
0.3608
0.358
0.3537
0.3485
0.3429
0.3375
0.3326
0.328
0.3239
0.3198
0.3155
0.3109
0.3064
0.302
0.298
0.2949
0.2927
0.2911
0.29
0.2887
0.2867
0.2839
0.2804
0.2769
0.2744
0.2743
0.277
0.2826
0.2904
0.2994
0.3082
0.3163
0.324
0.3314
0.3388
0.3469
0.3549
0.3617
0.3664
0.3682
0.3664
0.3618
0.3555
0.3492
0.3442
0.3416
0.3419
0.3448
0.3493
0.3543
0.3591
0.3629
0.3654
0.3672
0.3687
0.3701
0.372
0.3739
0.3754
0.3763
0.3765
0.376
0.3755
0.3757
0.3767
0.3786
0.3812
0.3839
0.3862
0.3878
0.3886
0.3886
0.3883
0.3879
0.3877
0.3882
0.3891
0.3901
0.3911
0.3916
0.3916
0.3911
0.3903
0.3895
0.3889
0.3888
0.3889
0.3894
0.3899
0.3901
0.3899
0.3891
0.3878
0.3862
0.3844
0.3828
0.3815
0.3805
0.3798
0.3794
0.3788
0.3781
0.3776
0.3773
0.3771
0.3774
0.3779
0.3781
0.3779
0.3774
0.3764
0.3752
0.3742
0.3738
0.3739
0.3748
0.3761
0.3774
0.3784
0.3789
0.3791
0.3792
0.38
0.3818
0.3847
0.3886
0.3929
0.397
0.4002
0.4022
0.403
0.4028
0.402
0.4014
0.4013
0.4021
0.4039
0.4065
0.4097
0.4128
0.4156
0.4179
0.4195
0.4207
0.4219
0.4233
0.4251
0.4276
0.4302
0.4331
0.4359
0.4379
0.4392
0.4405
0.4412
0.4416
0.4425
0.4437
0.445
0.4463
0.448
0.449
0.4495
0.4498
0.4502
0.4507
0.4524
0.4553
0.4597
0.4653
0.4718
0.4781
0.4835
0.4872
0.489
0.4888
0.4875
0.4859
0.485
0.4849
0.4858
0.4866
0.4869
0.4861
0.484
0.4807
0.4768
0.4728
0.4691
0.4658
0.4625
0.4592
0.4554
0.4511
0.4467
0.4424
0.4385
0.4347
0.431
0.427
0.4225
0.4175
0.4121
0.4063
0.4004
0.3946
0.389
0.3838
0.379
0.3743
0.3694
0.3643
0.3586
0.3527
0.3469
0.3416
0.3371
0.3339
0.3317
0.3303
0.3296
0.3292
0.3284
0.3273
0.3261
0.3249
0.3239
0.3239
0.3246
0.3259
0.3278
0.3301
0.3322
0.3345
0.3371
0.3401
0.3434
0.3477
0.3528
0.3584
0.3645
0.3707
0.3763
0.3811
0.3851
0.3881
0.3908
0.3936
0.397
0.4015
0.4071
0.4136
0.4199
0.4255
0.4299
0.4325
0.4337
0.4341
0.4343
0.4347
0.4359
0.4376
0.4397
0.4413
0.4419
0.4411
0.4387
0.4347
0.4296
0.4242
0.4193
0.4155
0.4135
0.4139
0.4166
0.4214
0.4279
0.4356
0.4439
0.4525
0.4608
0.4689
0.4764
0.483
0.4888
0.4941
0.4986
0.5025
0.5062
0.51
0.5135
0.5174
0.5217
0.5265
0.5312
0.536
0.5398
0.542
0.5419
0.5396
0.535
0.5287
0.5216
0.5148
0.5088
0.5039
0.5003
0.4971
0.4936
0.4893
0.484
0.4775
0.4701
0.4624
0.4548
0.4479
0.4416
0.4361
0.4307
0.4249
0.4182
0.4104
0.4014
0.3916
0.3817
0.3722
0.3636
0.3561
0.3496
0.3439
0.3385
0.3332
0.3277
0.3222
0.3168
0.3118
0.3075
0.3045
0.3028
0.3024
0.3029
0.3043
0.3056
0.3069
0.3079
0.3089
0.3101
0.312
0.3144
0.3175
0.3214
0.3256
0.3297
0.3338
0.3379
0.3421
0.347
0.3528
0.3596
0.3671
0.3749
0.3821
0.3886
0.3944
0.3995
0.4045
0.41
0.4159
0.4221
0.4282
0.4337
0.4381
0.4412
0.4431
0.4442
0.445
0.4461
0.4476
0.4497
0.452
0.4538
0.4549
0.4545
0.4524
0.4489
0.4438
0.4371
0.4297
0.4213
0.4122
0.4025
0.3924
0.3818
0.3712
0.3606
0.3504
0.3409
0.3323
0.3245
0.3175
0.3111
0.3046
0.2977
0.2903
0.2826
0.2749
0.268
0.2628
0.2595
0.2582
0.2586
0.2597
0.2607
0.2612
0.261
0.2604
0.2603
0.2614
0.2641
0.2686
0.2747
0.2817
0.2888
0.2951
0.3004
0.3048
0.3087
0.3129
0.3186
0.3259
0.3344
0.3436
0.3525
0.36
0.3656
0.3696
0.3722
0.3742
0.3765
0.3794
0.383
0.3866
0.3896
0.391
0.3901
0.3874
0.3834
0.3786
0.374
0.3707
0.3686
0.3671
0.3663
0.3658
0.3648
0.3637
0.3631
0.3629
0.364
0.3666
0.3704
0.3757
0.3819
0.3878
0.3933
0.3983
0.4022
0.4054
0.4086
0.412
0.4157
0.42
0.425
0.4302
0.435
0.4392
0.4426
0.4447
0.4459
0.4469
0.4479
0.4495
0.4516
0.4542
0.4569
0.4594
0.4613
0.4629
0.464
0.4649
0.4655
0.4663
0.4666
0.4665
0.4653
0.4632
0.46
0.456
0.4516
0.4473
0.4437
0.4408
0.4388
0.4378
0.4373
0.4369
0.4362
0.4352
0.4337
0.432
0.4307
0.43
0.4302
0.4307
0.4311
0.4303
0.4277
0.4229
0.4161
0.4083
0.4006
0.3941
0.3897
0.3873
0.3862
0.3855
0.384
0.3809
0.3758
0.369
0.3613
0.3537
0.3475
0.3437
0.3428
0.3453
0.3511
0.3593
0.3692
0.3804
0.3922
0.4039
0.4153
0.4261
0.4357
0.4439
0.4508
0.4562
0.4603
0.4633
0.4658
0.4679
0.47
0.4725
0.4749
0.4773
0.479
0.48
0.4794
0.4778
0.4754
0.4723
0.4689
0.4657
0.4624
0.459
0.4553
0.4512
0.4465
0.4418
0.4367
0.4316
0.4264
0.421
0.4153
0.409
0.4022
0.3949
0.387
0.3788
0.3706
0.3624
0.3547
0.3474
0.3404
0.3341
0.3279
0.3216
0.3155
0.3093
0.3028
0.2965
0.2904
0.2843
0.2788
0.2739
0.2697
0.2661
0.2631
0.2602
0.2571
0.2536
0.2496
0.2453
0.2411
0.2372
0.2339
0.2311
0.2288
0.2264
0.2242
0.2215
0.2186
0.2154
0.2124
0.21
0.2085
0.2082
0.2093
0.2113
0.2137
0.2161
0.2182
0.2197
0.2209
0.2226
0.2252
0.2289
0.234
0.2404
0.2474
0.2545
0.2615
0.2681
0.2744
0.281
0.2888
0.2979
0.3088
0.3214
0.3352
0.3492
0.3631
0.3759
0.3877
0.3988
0.4089
0.4184
0.4277
0.4365
0.4439
0.4502
0.4545
0.4567
0.4566
0.4548
0.4516
0.4475
0.4425
0.4372
0.4313
0.4246
0.4168
0.4085
0.3996
0.3905
0.3818
0.3742
0.3677
0.3625
0.3587
0.3559
0.3538
0.3521
0.3508
0.3497
0.3493
0.3498
0.3516
0.3551
0.3598
0.3657
0.3721
0.3783
0.3837
0.3881
0.3911
0.3929
0.3942
0.396
0.3986
0.4028
0.4088
0.4159
0.4236
0.4304
0.4356
0.4385
0.439
0.4375
0.4356
0.4342
0.4343
0.436
0.4389
0.4418
0.4441
0.4445
0.4432
0.4398
0.4354
0.4305
0.4261
0.4222
0.4193
0.4171
0.4151
0.413
0.4103
0.4073
0.4039
0.4
0.3963
0.3931
0.3897
0.3868
0.384
0.381
0.3779
0.375
0.3722
0.3697
0.3677
0.3656
0.3634
0.3608
0.3573
0.3529
0.3479
0.3426
0.3378
0.3339
0.3315
0.3306
0.3312
0.3325
0.3343
0.3355
0.3359
0.3353
0.334
0.3325
0.3316
0.3318
0.333
0.3352
0.3377
0.34
0.3416
0.3425
0.3428
0.3433
0.3448
0.3478
0.3524
0.3585
0.3655
0.3723
0.3785
0.3839
0.3883
0.392
0.3959
0.4003
0.4052
0.4109
0.4169
0.4222
0.4263
0.4286
0.4287
0.4267
0.4234
0.4197
0.4163
0.4143
0.414
0.4157
0.4193
0.4246
0.431
0.4382
0.4458
0.4542
0.463
0.4722
0.4817
0.4911
0.4995
0.5067
0.5121
0.5159
0.5183
0.5201
0.5219
0.524
0.5267
0.5297
0.5327
0.5356
0.5381
0.5399
0.5412
0.5423
0.543
0.5436
0.5443
0.5452
0.5459
0.5462
0.5458
0.5446
0.5429
0.5408
0.5391
0.538
0.5375
0.5374
0.5378
0.5379
0.5376
0.5365
0.535
0.5328
0.5304
0.5278
0.525
0.522
0.5185
0.5143
0.5092
0.5033
0.4965
0.4892
0.4816
0.4739
0.4664
0.4592
0.4522
0.4456
0.4392
0.4328
0.4267
0.4208
0.4152
0.4101
0.4055
0.4014
0.3979
0.3951
0.3928
0.3909
0.3898
0.389
0.3888
0.3897
0.3913
0.3936
0.3967
0.4004
0.4045
0.4094
0.4151
0.4219
0.43
0.4396
0.4503
0.4622
0.4745
0.4869
0.4989
0.5105
0.5219
0.533
0.5439
0.5546
0.5646
0.5732
0.5801
0.5846
0.5862
0.5855
0.5826
0.5781
0.5729
0.5674
0.5616
0.556
0.5501
0.5442
0.5381
0.5319
0.5252
0.5179
0.5096
0.5
0.4893
0.478
0.4664
0.455
0.444
0.4336
0.4234
0.4133
0.403
0.3923
0.3809
0.3694
0.3578
0.3467
0.3363
0.3272
0.319
0.3122
0.3068
0.3025
0.2994
0.2974
0.2958
0.2947
0.2942
0.294
0.2947
0.2966
0.2999
0.3043
0.31
0.3162
0.3226
0.3286
0.3344
0.3393
0.3438
0.3482
0.3528
0.3579
0.3639
0.3706
0.3775
0.3839
0.3894
0.3939
0.3973
0.3996
0.4014
0.4032
0.4051
0.4071
0.4099
0.413
0.416
0.4186
0.4208
0.4218
0.4217
0.4209
0.4196
0.418
0.4166
0.4155
0.4146
0.4137
0.413
0.4122
0.4115
0.4107
0.41
0.4093
0.4084
0.4073
0.4061
0.4046
0.4025
0.4001
0.3973
0.3939
0.3899
0.3861
0.3821
0.378
0.3739
0.3697
0.365
0.3599
0.3538
0.3471
0.3399
0.3327
0.326
0.3206
0.3167
0.3141
0.3125
0.3115
0.3101
0.3082
0.3057
0.3029
0.3002
0.2982
0.2977
0.2989
0.3019
0.3066
0.3129
0.3203
0.3289
0.3385
0.3493
0.3607
0.3724
0.3833
0.3931
0.4012
0.408
0.414
0.4198
0.4262
0.4335
0.4412
0.4483
0.4541
0.4575
0.4581
0.4558
0.4514
0.4459
0.4403
0.4351
0.431
0.4282
0.4262
0.4248
0.4237
0.4228
0.4221
0.4219
0.4221
0.4226
0.423
0.4226
0.421
0.4179
0.4139
0.4096
0.4059
0.4034
0.4021
0.4016
0.4014
0.4009
0.3994
0.3976
0.3954
0.3937
0.3926
0.3931
0.3946
0.3973
0.4006
0.404
0.4068
0.4091
0.4106
0.4117
0.4129
0.4145
0.4167
0.4196
0.423
0.4264
0.4297
0.4328
0.4356
0.4379
0.4399
0.4417
0.4432
0.445
0.4474
0.4504
0.454
0.4577
0.461
0.4636
0.4653
0.4658
0.4656
0.4649
0.4639
0.4626
0.4609
0.4588
0.4563
0.453
0.4488
0.444
0.4388
0.4329
0.4267
0.4206
0.4144
0.4082
0.4024
0.397
0.3922
0.3882
0.3851
0.3821
0.3789
0.3751
0.37
0.364
0.3577
0.3517
0.347
0.344
0.3427
0.3429
0.3436
0.3442
0.3442
0.3435
0.3425
0.3423
0.3435
0.3469
0.3525
0.3598
0.3681
0.376
0.3828
0.388
0.392
0.3952
0.3986
0.4031
0.409
0.4162
0.4237
0.4309
0.4368
0.4414
0.4441
0.446
0.4475
0.449
0.4506
0.4518
0.4519
0.4503
0.4467
0.4413
0.4349
0.4285
0.4229
0.418
0.4142
0.4108
0.4073
0.4036
0.4
0.3969
0.3946
0.3933
0.3931
0.3929
0.3925
0.3909
0.3881
0.3841
0.3797
0.3754
0.3716
0.3688
0.3671
0.3658
0.3645
0.3633
0.3618
0.3599
0.358
0.3564
0.3548
0.3534
0.3523
0.3514
0.3509
0.351
0.3519
0.3536
0.3561
0.3589
0.3618
0.3643
0.3663
0.3679
0.3694
0.3712
0.3735
0.3765
0.3801
0.3841
0.388
0.3914
0.3941
0.3957
0.3964
0.3965
0.3968
0.3973
0.3988
0.4009
0.4034
0.4059
0.408
0.4089
0.4087
0.4075
0.4052
0.4027
0.4007
0.399
0.3977
0.397
0.3958
0.3936
0.3903
0.3854
0.3789
0.3716
0.3643
0.3575
0.3518
0.3472
0.3434
0.3397
0.3351
0.3296
0.3234
0.3167
0.3106
0.3065
0.3048
0.3058
0.3091
0.3141
0.3191
0.3234
0.3263
0.3286
0.3305
0.333
0.337
0.3435
0.3513
0.3606
0.37
0.3785
0.3858
0.3923
0.3982
0.4048
0.4135
0.4242
0.437
0.451
0.4645
0.4762
0.4851
0.4907
0.4938
0.4963
0.4985
0.5019
0.507
0.5129
0.518
0.5214
0.5218
0.5184
0.5116
0.5022
0.4916
0.4807
0.4707
0.4624
0.456
0.4514
0.4481
0.4458
0.4438
0.4415
0.4383
0.4341
0.429
0.4234
0.4177
0.4128
0.4093
0.4074
0.4066
0.4073
0.4084
0.4095
0.4101
0.4108
0.4114
0.4125
0.4143
0.4169
0.4201
0.4233
0.4262
0.4286
0.4305
0.4314
0.4318
0.4316
0.4309
0.4301
0.4294
0.4288
0.4283
0.4282
0.4282
0.4284
0.4288
0.4291
0.4288
0.4281
0.4267
0.4247
0.4227
0.4209
0.4192
0.4178
0.4164
0.4149
0.4132
0.4116
0.4102
0.4094
0.4093
0.4098
0.4108
0.4122
0.4135
0.4145
0.4153
0.4155
0.4152
0.4145
0.4135
0.4119
0.41
0.4072
0.4036
0.3991
0.394
0.3882
0.3824
0.3771
0.3723
0.3683
0.3655
0.3635
0.362
0.3611
0.3602
0.3586
0.3562
0.3534
0.3501
0.3468
0.3444
0.3433
0.3434
0.3449
0.3474
0.3504
0.3536
0.3566
0.3589
0.3613
0.3638
0.367
0.3715
0.3779
0.3854
0.3935
0.4011
0.4067
0.4094
0.4092
0.4067
0.403
0.3999
0.3986
0.3997
0.4031
0.4079
0.4123
0.4152
0.4152
0.4121
0.4062
0.3991
0.3918
0.3856
0.3808
0.3773
0.3741
0.3703
0.365
0.3583
0.3503
0.3421
0.3344
0.3279
0.3223
0.3173
0.3122
0.3061
0.2988
0.2903
0.2815
0.2728
0.2655
0.2599
0.2562
0.2537
0.2524
0.2513
0.2502
0.2489
0.2479
0.2474
0.248
0.2498
0.2528
0.2568
0.2615
0.2665
0.2717
0.2772
0.2831
0.2894
0.2961
0.3029
0.3098
0.3162
0.3223
0.3281
0.3332
0.338
0.3425
0.3468
0.3507
0.3547
0.3581
0.3613
0.3638
0.3656
0.3666
0.3671
0.3666
0.3659
0.3652
0.3641
0.3627
0.3618
0.3609
0.3596
0.3582
0.3563
0.3535
0.35
0.3463
0.3426
0.3393
0.3368
0.3353
0.3348
0.3349
0.3357
0.3367
0.3375
0.3379
0.3382
0.3387
0.3397
0.3416
0.3445
0.3479
0.3516
0.3551
0.358
0.3605
0.3633
0.3664
0.3704
0.3759
0.3827
0.3907
0.3995
0.4088
0.4176
0.4256
0.4329
0.4397
0.4462
0.4533
0.4613
0.4701
0.4797
0.4896
0.4989
0.5072
0.5143
0.5199
0.5244
0.5284
0.5324
0.5366
0.5409
0.5447
0.5472
0.5474
0.5449
0.5397
0.5323
0.5234
0.5142
0.5053
0.4974
0.4905
0.4844
0.4792
0.4745
0.4701
0.4665
0.4637
0.4619
0.461
0.461
0.4612
0.4612
0.4609
0.4601
0.4589
0.4576
0.4564
0.4555
0.4548
0.4547
0.455
0.4557
0.4565
0.4572
0.4576
0.4577
0.4572
0.4566
0.4557
0.4548
0.4541
0.4538
0.4538
0.4542
0.4549
0.4555
0.4556
0.4551
0.4538
0.4515
0.4486
0.4453
0.442
0.4386
0.4355
0.4326
0.4297
0.4265
0.4231
0.4195
0.4156
0.4117
0.4083
0.4053
0.4027
0.4007
0.399
0.397
0.3945
0.3914
0.3875
0.383
0.3785
0.3748
0.3722
0.3708
0.3709
0.3716
0.3726
0.3734
0.3736
0.3735
0.3733
0.3734
0.3743
0.3762
0.3791
0.3829
0.3871
0.3913
0.3956
0.3996
0.4039
0.4089
0.4144
0.4202
0.4262
0.4316
0.436
0.4393
0.4417
0.4428
0.443
0.4426
0.4418
0.4413
0.442
0.444
0.448
0.4537
0.4607
0.4684
0.4763
0.4831
0.4881
0.4909
0.4908
0.488
0.4836
0.4786
0.4736
0.4696
0.4665
0.4633
0.4592
0.4533
0.4449
0.434
0.4214
0.4083
0.3954
0.3838
0.3737
0.3644
0.3554
0.3461
0.3362
0.326
0.3163
0.3076
0.3007
0.2957
0.2924
0.2901
0.2884
0.2869
0.2857
0.2851
0.2855
0.2874
0.2913
0.2964
0.3025
0.3091
0.3158
0.3224
0.3294
0.337
0.3457
0.3556
0.3663
0.3772
0.3878
0.3975
0.4062
0.4139
0.4211
0.4281
0.435
0.4421
0.4496
0.4568
0.4636
0.47
0.4753
0.4797
0.483
0.4854
0.487
0.4879
0.4881
0.4879
0.4875
0.4867
0.4859
0.4848
0.4831
0.481
0.4786
0.4758
0.473
0.4702
0.4675
0.4643
0.4607
0.4564
0.4512
0.4449
0.4378
0.43
0.4214
0.4127
0.4041
0.3961
0.3887
0.3822
0.3763
0.3709
0.3657
0.3605
0.3554
0.3505
0.3455
0.341
0.3369
0.3332
0.3299
0.3273
0.3252
0.3237
0.3227
0.3225
0.3228
0.3237
0.3253
0.3275
0.3303
0.3336
0.3373
0.3413
0.3457
0.3498
0.3536
0.3572
0.3608
0.3645
0.3689
0.3745
0.3813
0.3889
0.3967
0.4045
0.4118
0.4185
0.4248
0.4313
0.4379
0.4445
0.4505
0.4552
0.4576
0.4569
0.4527
0.4454
0.4361
0.4257
0.4161
0.4081
0.4024
0.3988
0.3971
0.3958
0.3947
0.3929
0.3902
0.387
0.3843
0.3824
0.3819
0.3831
0.3854
0.3882
0.3914
0.3945
0.3973
0.4004
0.4037
0.4071
0.4104
0.4136
0.4163
0.4186
0.4206
0.4225
0.4244
0.4261
0.4275
0.4282
0.428
0.4269
0.425
0.4226
0.42
0.4179
0.4161
0.4149
0.4142
0.4137
0.4129
0.4116
0.4095
0.4068
0.4035
0.4003
0.3978
0.3963
0.3957
0.396
0.3969
0.3978
0.398
0.3978
0.3969
0.3955
0.3942
0.3933
0.3931
0.3935
0.3943
0.3952
0.396
0.3961
0.3956
0.395
0.3939
0.3929
0.3921
0.3914
0.3906
0.3892
0.3869
0.3834
0.3787
0.3729
0.3668
0.3611
0.3561
0.3527
0.3507
0.3502
0.3508
0.3521
0.3535
0.3545
0.3552
0.3552
0.3548
0.3546
0.355
0.3563
0.359
0.363
0.3675
0.3716
0.3746
0.3757
0.3745
0.3721
0.3695
0.3673
0.367
0.3693
0.3738
0.3799
0.3869
0.3934
0.3987
0.4026
0.4054
0.4083
0.4124
0.4184
0.4268
0.4371
0.4481
0.4583
0.4669
0.4727
0.476
0.4774
0.478
0.4789
0.4809
0.4835
0.486
0.4873
0.4868
0.4836
0.4782
0.471
0.4634
0.4559
0.4493
0.444
0.44
0.436
0.4317
0.4262
0.4192
0.4111
0.4026
0.3946
0.3883
0.384
0.3814
0.3799
0.3788
0.3773
0.3751
0.3723
0.3694
0.3666
0.3645
0.3631
0.3623
0.3624
0.3635
0.3655
0.3687
0.373
0.3781
0.3836
0.3891
0.3942
0.3989
0.4031
0.4063
0.4091
0.4115
0.4136
0.4155
0.4176
0.4199
0.4225
0.4249
0.427
0.4285
0.4291
0.4285
0.4269
0.4248
0.4222
0.4197
0.4179
0.4169
0.4163
0.4162
0.416
0.415
0.4131
0.4101
0.4064
0.4023
0.3989
0.3961
0.3946
0.3943
0.3948
0.3952
0.3956
0.3952
0.394
0.3923
0.3906
0.3892
0.3883
0.3879
0.3876
0.3872
0.3861
0.3843
0.382
0.3795
0.3771
0.3757
0.3756
0.3767
0.3788
0.3811
0.3823
0.382
0.38
0.3765
0.3721
0.3679
0.3645
0.3624
0.3618
0.3626
0.3647
0.3674
0.37
0.3723
0.3739
0.3746
0.3746
0.3742
0.3739
0.374
0.3751
0.3777
0.3824
0.3891
0.3972
0.4066
0.416
0.4248
0.4325
0.4395
0.4457
0.452
0.4586
0.4652
0.4713
0.4764
0.4797
0.4815
0.4819
0.4814
0.4809
0.4809
0.4814
0.4823
0.4835
0.4842
0.484
0.4829
0.4805
0.4773
0.4735
0.4694
0.4655
0.4618
0.4583
0.4552
0.4523
0.4496
0.447
0.445
0.4429
0.4407
0.4381
0.4353
0.4317
0.4279
0.4241
0.4207
0.4179
0.4159
0.4147
0.414
0.4135
0.4126
0.411
0.4088
0.4059
0.4025
0.3992
0.3967
0.3946
0.3932
0.3923
0.3916
0.3909
0.3902
0.3897
0.3896
0.3901
0.3911
0.3928
0.3947
0.3967
0.3985
0.4001
0.4017
0.4038
0.4067
0.4105
0.416
0.4229
0.4307
0.4383
0.4454
0.4506
0.4541
0.456
0.4573
0.4591
0.4625
0.4675
0.4746
0.4834
0.4925
0.5011
0.5086
0.5144
0.519
0.5236
0.5292
0.5366
0.5461
0.5569
0.5676
0.5771
0.5841
0.5883
0.59
0.59
0.5894
0.5891
0.5894
0.5901
0.5902
0.5888
0.5848
0.5781
0.569
0.5583
0.5467
0.5351
0.5239
0.5132
0.5027
0.4921
0.4811
0.4697
0.4581
0.4467
0.436
0.4262
0.4177
0.4101
0.403
0.3962
0.3895
0.3827
0.3761
0.3701
0.3653
0.3615
0.3591
0.3578
0.3575
0.3579
0.3592
0.3612
0.3638
0.3671
0.371
0.3752
0.3794
0.3833
0.3866
0.3892
0.391
0.3928
0.3945
0.3962
0.3977
0.3994
0.3999
0.3997
0.3987
0.3968
0.3934
0.3894
0.3843
0.3785
0.3723
0.3665
0.3612
0.3564
0.3521
0.3481
0.3438
0.3388
0.3329
0.3262
0.3187
0.3108
0.3033
0.2964
0.2906
0.2859
0.2824
0.2794
0.2767
0.2738
0.2706
0.267
0.2633
0.2599
0.2568
0.2546
0.2535
0.2532
0.2532
0.2533
0.2527
0.2513
0.2492
0.2468
0.2448
0.2441
0.2451
0.2481
0.2532
0.26
0.2679
0.2767
0.2865
0.2972
0.3092
0.3228
0.3376
0.3526
0.367
0.3794
0.3894
0.3965
0.4014
0.4046
0.4076
0.4108
0.4147
0.4189
0.4228
0.4253
0.4258
0.4243
0.4213
0.4176
0.4142
0.4119
0.4103
0.4087
0.4058
0.4005
0.3921
0.3808
0.3677
0.3543
0.3422
0.3323
0.3252
0.3198
0.3154
0.3106
0.3049
0.2981
0.2909
0.2841
0.2785
0.2743
0.2713
0.2687
0.2658
0.262
0.2569
0.251
0.2449
0.2397
0.2358
0.2336
0.2329
0.2329
0.2329
0.2326
0.2317
0.2307
0.2305
0.2316
0.2344
0.2388
0.2444
0.2503
0.2559
0.2608
0.265
0.2689
0.2732
0.2782
0.2845
0.2921
0.3004
0.3093
0.3179
0.3254
0.3317
0.337
0.3415
0.3456
0.3499
0.3546
0.3592
0.3635
0.3675
0.3709
0.3738
0.3764
0.3794
0.3827
0.3867
0.3916
0.3973
0.403
0.4091
0.4151
0.4205
0.4252
0.4296
0.4334
0.437
0.4404
0.4438
0.4472
0.4506
0.4538
0.4568
0.4592
0.461
0.462
0.4623
0.4619
0.4614
0.4612
0.4615
0.4628
0.465
0.4677
0.4708
0.4737
0.4761
0.4779
0.4792
0.4801
0.4812
0.4826
0.4845
0.487
0.4899
0.4926
0.4949
0.4969
0.4979
0.4982
0.4982
0.498
0.4976
0.498
0.4984
0.4982
0.4972
0.4948
0.4904
0.4844
0.4773
0.4698
0.4627
0.4563
0.4504
0.4446
0.4384
0.431
0.4227
0.4144
0.4068
0.4009
0.3977
0.3968
0.3978
0.4001
0.4023
0.4041
0.4054
0.4066
0.408
0.4103
0.4138
0.4181
0.4234
0.4291
0.4349
0.4405
0.446
0.4508
0.4552
0.4592
0.4629
0.4666
0.4707
0.4752
0.4805
0.4864
0.4925
0.4985
0.5036
0.5074
0.5097
0.5106
0.5106
0.5106
0.511
0.5122
0.5143
0.5166
0.5186
0.5198
0.5197
0.5183
0.5164
0.5142
0.5122
0.511
0.5103
0.5096
0.5083
0.5061
0.5023
0.4967
0.4899
0.4823
0.4741
0.4661
0.4584
0.4505
0.4423
0.4335
0.4238
0.4132
0.4025
0.3921
0.3826
0.3746
0.3681
0.363
0.3582
0.3539
0.3495
0.3447
0.3396
0.3351
0.331
0.328
0.3262
0.3261
0.3268
0.3281
0.3296
0.3315
0.3326
0.3338
0.3355
0.3379
0.3408
0.3451
0.3505
0.3571
0.3642
0.3721
0.3803
0.3886
0.3967
0.4057
0.4157
0.4271
0.44
0.4547
0.47
0.4853
0.4998
0.5133
0.5252
0.5362
0.5465
0.5566
0.5667
0.5772
0.5876
0.5976
0.6066
0.6144
0.6201
0.6239
0.6258
0.626
0.6246
0.6222
0.6189
0.6146
0.6094
0.6031
0.5956
0.5868
0.5764
0.5641
0.5504
0.535
0.5183
0.5012
0.4847
0.4693
0.4562
0.4454
0.4371
0.4304
0.4248
0.4193
0.4141
0.409
0.404
0.3998
0.3968
0.3941
0.3922
0.3909
0.3896
0.3885
0.3878
0.3874
0.3871
0.3871
0.3871
0.3869
0.3868
0.3866
0.3862
0.3856
0.3849
0.3837
0.3821
0.3804
0.3785
0.3765
0.3746
0.3726
0.3704
0.3682
0.3658
0.3635
0.3613
0.3597
0.3581
0.3567
0.3552
0.3534
0.3513
0.3491
0.3472
0.3457
0.3448
0.3447
0.3453
0.3467
0.3485
0.3508
0.3534
0.3563
0.3592
0.3624
0.3656
0.3685
0.3707
0.3724
0.3732
0.3734
0.3735
0.374
0.375
0.3767
0.379
0.3814
0.3831
0.3837
0.3827
0.3803
0.377
0.3735
0.3707
0.3695
0.3701
0.3721
0.3748
0.3774
0.379
0.3791
0.3781
0.3766
0.3751
0.3744
0.3752
0.3771
0.3798
0.3825
0.3843
0.3842
0.3823
0.3789
0.3747
0.3705
0.3675
0.3657
0.3649
0.3647
0.3646
0.364
0.3621
0.3594
0.3561
0.3525
0.3491
0.3466
0.3454
0.3454
0.3465
0.3484
0.3504
0.3523
0.3538
0.3548
0.3558
0.3574
0.36
0.3639
0.3692
0.3751
0.381
0.3857
0.3886
0.3893
0.388
0.3855
0.3826
0.3802
0.3785
0.3774
0.3759
0.3736
0.3695
0.3635
0.3559
0.3477
0.3396
0.3328
0.3276
0.324
0.3215
0.3198
0.3183
0.3165
0.3146
0.3126
0.3105
0.3088
0.3078
0.3073
0.3077
0.3093
0.3118
0.3151
0.3195
0.3247
0.3302
0.3357
0.3408
0.345
0.3483
0.3509
0.3529
0.3552
0.3583
0.3626
0.3685
0.3757
0.3834
0.3909
0.3978
0.4035
0.408
0.4119
0.4157
0.4196
0.4242
0.4297
0.4358
0.4423
0.4486
0.454
0.4582
0.461
0.4626
0.4635
0.4647
0.4661
0.468
0.4703
0.4726
0.4739
0.4742
0.4732
0.4707
0.4671
0.4626
0.4577
0.4531
0.4495
0.4469
0.446
0.4462
0.4469
0.4474
0.4477
0.4475
0.4465
0.4453
0.4447
0.4445
0.445
0.4467
0.4498
0.4535
0.4582
0.4634
0.4692
0.4751
0.4815
0.4876
0.4934
0.4982
0.5016
0.5036
0.5047
0.505
0.5052
0.506
0.5074
0.5099
0.5135
0.5181
0.523
0.528
0.5321
0.5348
0.5357
0.5349
0.5325
0.5292
0.5258
0.5226
0.5199
0.5179
0.5161
0.5142
0.5115
0.5074
0.5018
0.4949
0.4868
0.4782
0.4699
0.4624
0.4555
0.449
0.4426
0.4354
0.4269
0.4173
0.4069
0.3959
0.3851
0.3751
0.3658
0.3576
0.3506
0.3446
0.3391
0.3346
0.3305
0.3264
0.3226
0.3189
0.3153
0.3121
0.3093
0.3069
0.3054
0.3043
0.3038
0.3042
0.3056
0.308
0.3115
0.316
0.3208
0.3256
0.33
0.3339
0.3372
0.3404
0.3434
0.3466
0.3498
0.3532
0.3563
0.3593
0.3619
0.3643
0.3666
0.3693
0.3719
0.3748
0.3778
0.3806
0.3831
0.3853
0.3873
0.389
0.3905
0.3917
0.3925
0.3926
0.3921
0.3909
0.3889
0.3865
0.3841
0.382
0.3806
0.3801
0.3804
0.3813
0.382
0.3822
0.3814
0.3795
0.3764
0.373
0.3698
0.3679
0.368
0.3708
0.3761
0.3838
0.3929
0.4027
0.4125
0.4211
0.4278
0.4327
0.4356
0.4371
0.4385
0.4408
0.4447
0.4501
0.4567
0.4634
0.4686
0.4711
0.4706
0.4669
0.4613
0.455
0.4498
0.4463
0.4452
0.4453
0.4458
0.4453
0.443
0.4382
0.4311
0.4227
0.4139
0.4056
0.3982
0.392
0.3865
0.3808
0.3747
0.3681
0.3606
0.3528
0.3451
0.3373
0.3296
0.3222
0.315
0.3077
0.3002
0.2927
0.2849
0.2771
0.2697
0.2632
0.258
0.2541
0.2514
0.2496
0.2481
0.2464
0.2448
0.2429
0.2413
0.2408
0.2415
0.244
0.2483
0.2543
0.2616
0.2697
0.2781
0.2866
0.2948
0.3023
0.3098
0.317
0.3238
0.3305
0.3371
0.3432
0.3487
0.3541
0.359
0.3638
0.3687
0.3739
0.3792
0.3849
0.3905
0.3957
0.4003
0.4045
0.4083
0.4121
0.4165
0.4215
0.427
0.4326
0.4378
0.4417
0.4442
0.4451
0.4444
0.4432
0.4419
0.4412
0.4418
0.4441
0.4475
0.4522
0.4576
0.463
0.4682
0.473
0.4773
0.4814
0.4854
0.4896
0.4942
0.4987
0.5027
0.5063
0.5088
0.5101
0.51
0.5091
0.5074
0.5053
0.5031
0.501
0.4986
0.4958
0.4923
0.4882
0.4838
0.4797
0.4761
0.4737
0.4726
0.4725
0.4732
0.4742
0.4748
0.4742
0.4721
0.4682
0.4627
0.4558
0.4484
0.4409
0.4337
0.4273
0.4219
0.4174
0.4132
0.409
0.404
0.398
0.3905
0.3823
0.3735
0.3649
0.3571
0.3505
0.3448
0.3404
0.3368
0.3333
0.3302
0.3272
0.3239
0.3207
0.3182
0.3161
0.3148
0.3144
0.3143
0.3141
0.3137
0.3129
0.3116
0.3106
0.31
0.3104
0.312
0.3148
0.3184
0.3224
0.3264
0.3298
0.3324
0.3347
0.3369
0.3391
0.3418
0.3452
0.349
0.3526
0.3561
0.3594
0.3618
0.3635
0.365
0.3662
0.3671
0.368
0.3692
0.3702
0.3709
0.3715
0.3715
0.3707
0.3696
0.3686
0.3678
0.3674
0.3677
0.3685
0.3689
0.3689
0.3681
0.3663
0.3637
0.3609
0.3585
0.357
0.3567
0.3577
0.3596
0.362
0.364
0.3657
0.3666
0.3671
0.3674
0.3682
0.3698
0.3723
0.3754
0.3793
0.3836
0.3877
0.3916
0.3955
0.3991
0.4026
0.4063
0.4101
0.414
0.4179
0.4218
0.4256
0.4292
0.4325
0.4358
0.439
0.4426
0.4465
0.4513
0.4567
0.4628
0.4697
0.4774
0.4851
0.4929
0.5002
0.5063
0.511
0.5145
0.5167
0.5183
0.5199
0.5218
0.524
0.5264
0.5282
0.5286
0.5273
0.5246
0.5206
0.5161
0.5121
0.5093
0.5072
0.5061
0.505
0.5031
0.4998
0.4956
0.4904
0.4851
0.4807
0.4776
0.4758
0.4753
0.4751
0.4742
0.4719
0.4681
0.4625
0.4563
0.4503
0.4455
0.4418
0.4398
0.4388
0.4384
0.4378
0.4372
0.4357
0.4339
0.4312
0.4281
0.4245
0.4205
0.416
0.4111
0.4055
0.3993
0.3929
0.3863
0.3799
0.3741
0.3687
0.3632
0.3574
0.3511
0.3437
0.3353
0.3266
0.3179
0.3094
0.3017
0.2949
0.2885
0.2823
0.2756
0.2684
0.26
0.2509
0.2412
0.2318
0.2227
0.2147
0.2081
0.2032
0.2
0.1987
0.1985
0.1989
0.1993
0.1993
0.1987
0.1981
0.1979
0.1985
0.2003
0.2034
0.2074
0.2121
0.2172
0.2226
0.2283
0.2348
0.2421
0.2501
0.2588
0.2676
0.276
0.2834
0.29
0.2959
0.3015
0.3077
0.3152
0.3242
0.3356
0.3493
0.3654
0.3836
0.4035
0.4244
0.446
0.4678
0.4894
0.5105
0.5309
0.5503
0.5683
0.5844
0.5982
0.6089
0.6163
0.6204
0.6216
0.6203
0.6174
0.6135
0.609
0.6037
0.5973
0.5895
0.5799
0.5687
0.5561
0.5428
0.5295
0.5168
0.505
0.4941
0.4844
0.4752
0.4662
0.4577
0.4493
0.4412
0.4338
0.4273
0.4218
0.4173
0.414
0.4111
0.4086
0.406
0.4035
0.4007
0.3983
0.3968
0.3965
0.3969
0.398
0.3991
0.3999
0.3999
0.3999
0.4
0.4008
0.4023
0.4047
0.4073
0.4104
0.4132
0.416
0.4184
0.4204
0.4221
0.4236
0.4252
0.4272
0.4299
0.433
0.4368
0.441
0.445
0.4492
0.4534
0.4572
0.4608
0.4643
0.4676
0.4711
0.475
0.479
0.4834
0.488
0.4927
0.497
0.5015
0.5056
0.5093
0.5125
0.5152
0.5171
0.5186
0.5196
0.5206
0.5215
0.5223
0.523
0.5232
0.5226
0.5213
0.5191
0.5162
0.5134
0.5109
0.5086
0.5071
0.5056
0.504
0.5012
0.4972
0.4917
0.4848
0.4768
0.4692
0.4624
0.4563
0.4514
0.4473
0.4429
0.4377
0.4319
0.4254
0.4181
0.4116
0.406
0.4016
0.3986
0.3971
0.396
0.3953
0.3944
0.3928
0.3907
0.3885
0.386
0.3836
0.3816
0.3799
0.3784
0.3775
0.3771
0.3771
0.3775
0.378
0.3784
0.3785
0.3782
0.3774
0.3765
0.376
0.376
0.3769
0.3789
0.3818
0.3852
0.3889
0.3927
0.3962
0.3992
0.4019
0.4045
0.4068
0.4089
0.4108
0.4128
0.4146
0.4164
0.4182
0.4202
0.4222
0.4244
0.4263
0.4277
0.4282
0.4278
0.4264
0.4244
0.4224
0.4205
0.4191
0.418
0.417
0.4154
0.4133
0.4104
0.4069
0.4029
0.399
0.3952
0.392
0.3896
0.3877
0.3859
0.3837
0.3805
0.3757
0.3694
0.3619
0.3537
0.3457
0.3384
0.3319
0.3267
0.3226
0.3191
0.3159
0.3128
0.3097
0.3067
0.3044
0.3032
0.3032
0.3042
0.3057
0.307
0.3076
0.3073
0.306
0.3044
0.3028
0.3016
0.3015
0.3028
0.3054
0.3092
0.3141
0.3196
0.3254
0.3314
0.3376
0.3438
0.3505
0.3578
0.3658
0.3738
0.382
0.3899
0.397
0.4035
0.41
0.4165
0.4234
0.4313
0.44
0.4487
0.4568
0.4634
0.4675
0.4688
0.4675
0.4643
0.4597
0.4548
0.4502
0.446
0.4424
0.4401
0.4388
0.4386
0.4395
0.4415
0.4441
0.447
0.4501
0.4528
0.4548
0.456
0.456
0.4545
0.4517
0.4477
0.4425
0.4366
0.4306
0.4248
0.4199
0.4159
0.4132
0.4114
0.4101
0.409
0.4077
0.4059
0.4036
0.4011
0.3984
0.3962
0.3948
0.3943
0.3944
0.3948
0.3951
0.3947
0.3937
0.3926
0.3916
0.3907
0.3903
0.3905
0.3911
0.3919
0.3929
0.3936
0.3939
0.3936
0.3932
0.3928
0.393
0.394
0.3959
0.3985
0.4014
0.4044
0.4069
0.4091
0.4107
0.4121
0.4132
0.4143
0.4156
0.4172
0.4191
0.4209
0.4228
0.4245
0.4259
0.427
0.4282
0.4293
0.4306
0.4322
0.4338
0.4354
0.4371
0.4392
0.4412
0.4437
0.4464
0.4489
0.451
0.453
0.4546
0.456
0.4576
0.4598
0.4625
0.4659
0.4698
0.4736
0.4769
0.479
0.4795
0.4784
0.4761
0.4735
0.4712
0.4698
0.4694
0.4692
0.4683
0.4659
0.4611
0.4538
0.4449
0.4353
0.426
0.4181
0.412
0.4072
0.4034
0.3997
0.3956
0.3911
0.3868
0.3831
0.3807
0.3799
0.3805
0.3818
0.3834
0.3848
0.3857
0.3868
0.3882
0.3898
0.3921
0.3951
0.3977
0.3995
0.4005
0.4007
0.3997
0.3988
0.3984
0.3988
0.3997
0.4015
0.4029
0.4038
0.4039
0.403
0.4015
0.4004
0.3997
0.3997
0.4007
0.4023
0.4034
0.4041
0.4043
0.4036
0.4023
0.4006
0.3987
0.3965
0.394
0.3916
0.3896
0.3881
0.387
0.3865
0.3865
0.3863
0.3859
0.3853
0.3844
0.383
0.3815
0.3801
0.3786
0.3771
0.3758
0.3745
0.3731
0.3713
0.3693
0.3668
0.3636
0.36
0.3562
0.3521
0.348
0.3441
0.3403
0.3367
0.3336
0.3307
0.328
0.3256
0.3232
0.3206
0.3179
0.315
0.312
0.3092
0.3068
0.305
0.304
0.3042
0.3054
0.3073
0.3098
0.3129
0.3163
0.3203
0.3251
0.3309
0.338
0.3463
0.3556
0.3658
0.3765
0.3872
0.3977
0.408
0.4181
0.4283
0.4387
0.4497
0.4609
0.4721
0.4829
0.4934
0.5029
0.5116
0.5193
0.5259
0.5313
0.5359
0.5398
0.5433
0.5468
0.5502
0.5534
0.5561
0.558
0.5585
0.5576
0.5553
0.5515
0.5464
0.5405
0.5336
0.5265
0.5195
0.5125
0.5052
0.4981
0.4905
0.482
0.4732
0.4644
0.4555
0.4472
0.4396
0.4324
0.4258
0.4194
0.4135
0.4078
0.4029
0.3987
0.3959
0.3939
0.3929
0.3922
0.3915
0.3904
0.3894
0.3887
0.3887
0.3896
0.3916
0.394
0.3966
0.3993
0.4018
0.4037
0.4059
0.4082
0.4112
0.4148
0.4196
0.4253
0.4313
0.4374
0.4434
0.4488
0.4536
0.4581
0.4624
0.467
0.4722
0.4778
0.4837
0.4898
0.4953
0.4999
0.5039
0.5073
0.5101
0.5127
0.5153
0.5177
0.52
0.5217
0.523
0.5236
0.5233
0.522
0.5199
0.5169
0.5131
0.5091
0.5051
0.5009
0.4968
0.4927
0.4879
0.4824
0.4759
0.4686
0.4605
0.4526
0.4452
0.4389
0.4339
0.4299
0.4267
0.4237
0.4203
0.4163
0.4118
0.4075
0.4037
0.4008
0.3992
0.3988
0.3989
0.3993
0.3997
0.3997
0.3993
0.3993
0.3998
0.401
0.4038
0.4078
0.4123
0.4172
0.4218
0.4253
0.4276
0.429
0.4297
0.4301
0.4305
0.4312
0.4324
0.4341
0.4359
0.4379
0.4396
0.4408
0.4412
0.4411
0.4409
0.4413
0.4423
0.4447
0.4484
0.4531
0.4583
0.4635
0.468
0.4715
0.4739
0.4754
0.4765
0.4775
0.4787
0.48
0.4812
0.4819
0.4815
0.4801
0.4776
0.4745
0.4712
0.4684
0.4661
0.4646
0.4633
0.462
0.4604
0.4584
0.4561
0.4538
0.4517
0.4503
0.45
0.4501
0.4511
0.4525
0.4541
0.4552
0.4562
0.4568
0.4571
0.4573
0.4578
0.4588
0.4605
0.4628
0.4657
0.4688
0.4716
0.474
0.4758
0.4772
0.4781
0.4789
0.4801
0.4816
0.4842
0.4878
0.4923
0.4973
0.5028
0.5079
0.5131
0.5184
0.5243
0.5308
0.5388
0.5474
0.5561
0.5645
0.5718
0.5774
0.5816
0.5849
0.5879
0.591
0.5941
0.5966
0.5975
0.5956
0.59
0.5808
0.5689
0.5551
0.5411
0.5281
0.5164
0.5058
0.4957
0.4848
0.4723
0.4577
0.4416
0.4244
0.4075
0.3921
0.3788
0.3681
0.3597
0.353
0.3472
0.3419
0.3363
0.3305
0.325
0.3198
0.3152
0.3119
0.3094
0.3073
0.3059
0.3047
0.3031
0.3016
0.3003
0.299
0.2983
0.2982
0.2987
0.2995
0.3007
0.3022
0.3039
0.3059
0.3085
0.3112
0.3142
0.3175
0.3211
0.3248
0.3292
0.334
0.339
0.3444
0.3499
0.3554
0.361
0.3664
0.3716
0.3766
0.3811
0.3855
0.39
0.3945
0.399
0.404
0.4086
0.4132
0.4175
0.4218
0.4257
0.4296
0.4333
0.4366
0.4394
0.4412
0.4422
0.4423
0.4417
0.4406
0.4397
0.4385
0.4374
0.4363
0.4353
0.4339
0.4325
0.4305
0.4279
0.4244
0.4203
0.4157
0.4112
0.4071
0.4037
0.4012
0.3992
0.3974
0.3951
0.3923
0.3887
0.3843
0.3794
0.3745
0.3703
0.3664
0.3635
0.3615
0.3596
0.3571
0.3546
0.3512
0.3474
0.3436
0.3405
0.3381
0.3371
0.3374
0.3388
0.3408
0.3435
0.3465
0.3496
0.3527
0.3565
0.3607
0.3652
0.3701
0.3754
0.3806
0.3855
0.3901
0.3947
0.3992
0.4041
0.4101
0.4173
0.4258
0.4357
0.4462
0.4566
0.4664
0.4748
0.4815
0.4868
0.4912
0.4956
0.5006
0.5064
0.5127
0.5184
0.5228
0.5253
0.5256
0.5244
0.5225
0.521
0.5203
0.5208
0.522
0.5231
0.5235
0.5228
0.5206
0.5177
0.5146
0.5119
0.5098
0.5091
0.509
0.5095
0.5099
0.5101
0.5099
0.5095
0.5088
0.5086
0.5085
0.5087
0.5089
0.5089
0.5084
0.5073
0.5056
0.5031
0.5004
0.4976
0.4948
0.4924
0.4904
0.4886
0.4869
0.4852
0.4833
0.4812
0.479
0.4767
0.4742
0.4717
0.4694
0.467
0.465
0.4633
0.4621
0.4613
0.461
0.4613
0.4623
0.4643
0.4675
0.472
0.478
0.4853
0.4935
0.5021
0.5111
0.52
0.5288
0.5377
0.547
0.5569
0.5674
0.5786
0.5896
0.6002
0.6094
0.6169
0.6218
0.6242
0.6237
0.6207
0.6154
0.6078
0.5984
0.5878
0.576
0.5634
0.5505
0.5371
0.5232
0.5092
0.4948
0.4805
0.4664
0.4526
0.4395
0.4269
0.4149
0.4036
0.3936
0.3849
0.3778
0.3724
0.3685
0.3651
0.3619
0.3587
0.3553
0.3518
0.3486
0.346
0.344
0.343
0.3429
0.3437
0.3453
0.3475
0.35
0.3527
0.3554
0.3584
0.3615
0.3646
0.3678
0.371
0.3743
0.3775
0.3811
0.3848
0.3886
0.3922
0.3956
0.3985
0.401
0.4033
0.4052
0.4069
0.4087
0.4105
0.4122
0.4139
0.4153
0.416
0.4162
0.4155
0.4143
0.4125
0.4108
0.4092
0.408
0.4073
0.4072
0.4071
0.4072
0.4072
0.4069
0.4063
0.4059
0.4053
0.405
0.4049
0.4051
0.4053
0.4056
0.4058
0.406
0.406
0.4056
0.4051
0.4042
0.4028
0.4009
0.3989
0.3966
0.3941
0.3918
0.3896
0.3876
0.3858
0.384
0.3822
0.38
0.3773
0.3747
0.372
0.3699
0.3692
0.3702
0.3726
0.3769
0.3825
0.3888
0.3949
0.4007
0.4055
0.4097
0.4136
0.418
0.4234
0.43
0.4373
0.4453
0.453
0.4595
0.4647
0.4687
0.4715
0.4737
0.4764
0.4798
0.4837
0.488
0.4927
0.4966
0.4997
0.5022
0.5036
0.5038
0.5033
0.5014
0.4986
0.495
0.4905
0.4856
0.4807
0.4758
0.4711
0.4668
0.4627
0.4588
0.4548
0.4507
0.4463
0.4418
0.4371
0.4327
0.4288
0.4254
0.4226
0.4204
0.4185
0.417
0.4159
0.4153
0.4156
0.4168
0.419
0.4221
0.4257
0.4296
0.4337
0.4379
0.4423
0.4467
0.4514
0.4562
0.4611
0.4662
0.4713
0.4761
0.4806
0.4844
0.4875
0.4902
0.4925
0.4943
0.4961
0.4976
0.4987
0.4993
0.4998
0.5
0.4998
0.4993
0.4982
0.4964
0.4936
0.4901
0.4861
0.4819
0.4781
0.475
0.4727
0.4716
0.4712
0.4715
0.4719
0.4721
0.4718
0.4711
0.4703
0.4699
0.4702
0.4716
0.4736
0.4761
0.478
0.4787
0.478
0.4759
0.4726
0.4688
0.4656
0.4631
0.4616
0.4606
0.4595
0.457
0.4528
0.4467
0.4394
0.4315
0.4245
0.4192
0.4161
0.4148
0.415
0.4156
0.4158
0.4154
0.4146
0.414
0.4145
0.4164
0.4198
0.4239
0.4277
0.4306
0.432
0.4318
0.4308
0.4297
0.4293
0.4303
0.4329
0.4365
0.4404
0.4432
0.4438
0.4422
0.4382
0.433
0.4276
0.4233
0.4202
0.4186
0.4178
0.4173
0.4163
0.415
0.4125
0.4094
0.406
0.4026
0.3991
0.3964
0.394
0.3919
0.39
0.3883
0.3862
0.3841
0.3821
0.3804
0.379
0.378
0.3775
0.3771
0.3765
0.376
0.3754
0.3748
0.3743
0.374
0.3739
0.3744
0.3758
0.3784
0.3821
0.3866
0.3915
0.3962
0.4003
0.4039
0.4074
0.4107
0.4145
0.419
0.424
0.4297
0.4364
0.4435
0.4508
0.4588
0.4672
0.4759
0.485
0.4946
0.5043
0.5138
0.523
0.5315
0.5393
0.5466
0.5535
0.5599
0.5658
0.5705
0.5737
0.5744
0.5728
0.5689
0.5631
0.5558
0.5479
0.54
0.5324
0.5254
0.5192
0.5136
0.5082
0.503
0.4981
0.4933
0.4888
0.485
0.4821
0.4799
0.4787
0.4783
0.4787
0.4801
0.482
0.4849
0.4884
0.4925
0.4964
0.5004
0.5031
0.5051
0.5063
0.5073
0.5084
0.5105
0.5128
0.5155
0.5176
0.5187
0.5179
0.5159
0.5131
0.5103
0.5081
0.5075
0.5085
0.5103
0.5129
0.5153
0.517
0.5174
0.5172
0.5162
0.515
0.5138
0.5129
0.5119
0.5107
0.5089
0.506
0.5019
0.4971
0.4917
0.4862
0.4812
0.4768
0.4725
0.4682
0.4632
0.4574
0.4507
0.4435
0.4361
0.429
0.4222
0.4158
0.4093
0.4023
0.3946
0.3857
0.3754
0.3643
0.3526
0.3407
0.3291
0.3184
0.3085
0.2994
0.2911
0.2833
0.2757
0.2685
0.2618
0.2556
0.2505
0.2463
0.2432
0.2413
0.2401
0.2392
0.2385
0.2375
0.236
0.2344
0.2327
0.2317
0.2318
0.2335
0.2371
0.2427
0.2498
0.2583
0.2678
0.2779
0.2886
0.3002
0.313
0.3273
0.343
0.3608
0.3803
0.401
0.4226
0.4448
0.4667
0.4882
0.5094
0.5301
0.5499
0.5686
0.5856
0.6005
0.6126
0.6223
0.6297
0.6352
0.639
0.6417
0.6428
0.6417
0.6381
0.6311
0.62
0.6049
0.5866
0.5659
0.544
0.5224
0.5018
0.4827
0.4653
0.4492
0.4343
0.4198
0.4058
0.3923
0.3795
0.3675
0.3564
0.3464
0.3372
0.3287
0.3209
0.3139
0.3075
0.3021
0.2977
0.2942
0.2916
0.2898
0.2886
0.2875
0.2869
0.2869
0.2876
0.2892
0.2919
0.2955
0.3001
0.3049
0.3098
0.3148
0.3199
0.3251
0.3309
0.3376
0.3451
0.3534
0.3624
0.3715
0.381
0.3904
0.3995
0.4087
0.4185
0.4287
0.4397
0.4515
0.4637
0.4761
0.4884
0.5003
0.5118
0.523
0.5338
0.5441
0.554
0.5634
0.5719
0.5797
0.5862
0.5916
0.5955
0.598
0.5991
0.5992
0.5984
0.5968
0.5941
0.5906
0.5858
0.5795
0.5717
0.5628
0.5524
0.5408
0.5285
0.5157
0.5025
0.4887
0.4751
0.4611
0.4472
0.4334
0.42
0.4069
0.3942
0.3817
0.3695
0.3578
0.3467
0.3364
0.3273
0.3192
0.3119
0.3053
0.2988
0.2924
0.2864
0.2812
0.277
0.2745
0.2737
0.2744
0.2759
0.2779
0.2796
0.2807
0.281
0.2811
0.2815
0.2831
0.2868
0.2931
0.3018
0.3128
0.3248
0.3369
0.3483
0.3585
0.3676
0.3762
0.3847
0.3938
0.4035
0.4134
0.4231
0.4321
0.44
0.4469
0.4535
0.4599
0.4669
0.4745
0.4826
0.4903
0.4974
0.5029
0.5069
0.5096
0.5116
0.5134
0.5159
0.5191
0.5226
0.5262
0.5291
0.5308
0.5311
0.5305
0.5288
0.5266
0.5243
0.5219
0.519
0.5155
0.5108
0.5048
0.4973
0.4885
0.4787
0.4684
0.4578
0.4472
0.4369
0.427
0.4172
0.4072
0.397
0.3859
0.3737
0.3607
0.3471
0.3334
0.3202
0.3081
0.2973
0.2882
0.2806
0.2747
0.2702
0.2668
0.2645
0.2633
0.2632
0.2644
0.2673
0.2717
0.2776
0.2848
0.2927
0.3009
0.3092
0.3175
0.3258
0.3342
0.3427
0.3512
0.3597
0.3677
0.375
0.3816
0.3872
0.3916
0.3949
0.3975
0.3996
0.4018
0.4047
0.4088
0.4141
0.4205
0.427
0.433
0.4372
0.439
0.4384
0.436
0.4322
0.4285
0.4263
0.4259
0.4275
0.4313
0.4371
0.4437
0.451
0.459
0.4674
0.4761
0.485
0.4939
0.502
0.5085
0.5129
0.5144
0.5131
0.5096
0.5046
0.499
0.494
0.4901
0.4875
0.4862
0.4855
0.4845
0.4827
0.4795
0.4748
0.4691
0.4628
0.4565
0.4509
0.4465
0.4432
0.4408
0.4391
0.4374
0.4356
0.4333
0.4309
0.4287
0.427
0.4258
0.4253
0.4252
0.4253
0.4254
0.4255
0.4255
0.4255
0.4257
0.4261
0.4266
0.4274
0.4284
0.4291
0.4294
0.4291
0.4283
0.427
0.4255
0.4237
0.4219
0.4194
0.4168
0.4135
0.4101
0.4064
0.4031
0.3999
0.3975
0.3953
0.3932
0.3904
0.3872
0.3831
0.3784
0.3738
0.3698
0.3668
0.3648
0.3639
0.3633
0.3627
0.3617
0.3602
0.3581
0.356
0.3545
0.3541
0.3553
0.3584
0.3633
0.3697
0.3766
0.3831
0.3888
0.3929
0.3953
0.3967
0.3981
0.3996
0.4017
0.4049
0.4083
0.4113
0.4132
0.4138
0.4126
0.4105
0.4079
0.406
0.4052
0.406
0.4074
0.4095
0.4108
0.411
0.4099
0.4076
0.4047
0.4018
0.3991
0.3967
0.3947
0.3925
0.3896
0.3858
0.3811
0.3753
0.3692
0.3629
0.3566
0.3506
0.3447
0.3386
0.3325
0.3262
0.3194
0.3128
0.3062
0.2997
0.2932
0.2869
0.2806
0.2745
0.269
0.2644
0.2607
0.2583
0.2569
0.2566
0.2572
0.2588
0.2614
0.2649
0.2689
0.2735
0.2784
0.2838
0.2894
0.2958
0.3029
0.3105
0.3183
0.3262
0.3335
0.3398
0.3452
0.35
0.3539
0.3572
0.3603
0.363
0.3653
0.3675
0.3694
0.3712
0.3728
0.374
0.3744
0.3744
0.3735
0.372
0.3698
0.3677
0.3654
0.3633
0.3618
0.3613
0.361
0.3614
0.3622
0.3628
0.3632
0.3636
0.3636
0.3639
0.3642
0.3646
0.3652
0.366
0.3662
0.3659
0.3654
0.3641
0.3622
0.3602
0.3584
0.3563
0.3545
0.3531
0.352
0.3508
0.3498
0.3489
0.3479
0.3468
0.3459
0.3451
0.3443
0.3435
0.3426
0.3417
0.341
0.3406
0.3408
0.3419
0.3442
0.3477
0.3526
0.3587
0.3657
0.3729
0.3802
0.3872
0.3943
0.4013
0.4093
0.4184
0.4288
0.4401
0.4521
0.4637
0.4741
0.4828
0.49
0.4957
0.5006
0.5055
0.5109
0.5166
0.5222
0.5265
0.5282
0.5262
0.5204
0.5109
0.4989
0.4859
0.4737
0.4632
0.4553
0.45
0.4469
0.4453
0.4445
0.4439
0.4436
0.4436
0.4438
0.4449
0.447
0.4493
0.4515
0.4537
0.4551
0.4556
0.4562
0.4573
0.4592
0.4623
0.4666
0.4711
0.475
0.4778
0.479
0.4788
0.4779
0.477
0.4767
0.4778
0.4798
0.4829
0.4866
0.4902
0.4929
0.4952
0.4965
0.4971
0.4975
0.4986
0.4996
0.501
0.5025
0.5037
0.5038
0.5037
0.5027
0.5012
0.4994
0.4974
0.4947
0.4918
0.4888
0.4855
0.482
0.4786
0.4753
0.4716
0.4681
0.4646
0.4609
0.4571
0.4532
0.449
0.4443
0.4394
0.4345
0.4297
0.4254
0.4217
0.4187
0.4158
0.4132
0.4102
0.4066
0.4023
0.398
0.3939
0.3909
0.3892
0.3891
0.3901
0.392
0.3934
0.3944
0.3941
0.3925
0.3899
0.3876
0.3861
0.386
0.3876
0.3907
0.3944
0.3979
0.4004
0.4017
0.4018
0.4013
0.4015
0.4037
0.4079
0.4143
0.4228
0.4322
0.4413
0.45
0.4579
0.4648
0.4708
0.4764
0.4812
0.4853
0.4884
0.4903
0.4905
0.4898
0.4877
0.4852
0.4823
0.4794
0.4762
0.4729
0.4691
0.4646
0.4594
0.4536
0.4472
0.4402
0.4329
0.4252
0.4169
0.408
0.3987
0.389
0.3786
0.3681
0.3574
0.3466
0.3354
0.324
0.3125
0.3006
0.2888
0.2776
0.2673
0.2581
0.2505
0.2442
0.2395
0.2363
0.2347
0.2346
0.2364
0.2396
0.2442
0.2501
0.2569
0.2645
0.2736
0.2838
0.2953
0.3084
0.3227
0.3375
0.3525
0.3674
0.3818
0.3954
0.4081
0.4202
0.4313
0.4414
0.4506
0.4591
0.4665
0.4731
0.4789
0.484
0.4882
0.4913
0.4936
0.4948
0.4948
0.4937
0.4922
0.4898
0.4874
0.485
0.4826
0.4801
0.4776
0.4748
0.4714
0.4674
0.4624
0.4569
0.451
0.4453
0.4401
0.4362
0.4337
0.4324
0.4321
0.4325
0.4325
0.4316
0.4297
0.4268
0.423
0.4185
0.4136
0.4078
0.4008
0.3918
0.3807
0.3671
0.3515
0.3348
0.3182
0.3028
0.2893
0.2779
0.2682
0.2594
0.2509
0.2425
0.234
0.2265
0.2208
0.2175
0.2169
0.2186
0.2216
0.2248
0.2273
0.2289
0.2299
0.2314
0.2344
0.2397
0.2479
0.2583
0.2702
0.2824
0.294
0.3044
0.3135
0.322
0.3303
0.3394
0.3495
0.3607
0.3727
0.3856
0.3983
0.4107
0.4226
0.4342
0.4453
0.4565
0.468
0.4793
0.4899
0.499
0.5061
0.5106
0.513
0.5141
0.5144
0.5152
0.5169
0.5195
0.5229
0.5266
0.5296
0.5315
0.532
0.531
0.5286
0.5259
0.5228
0.5198
0.5173
0.515
0.5128
0.511
0.5091
0.5072
0.5056
0.5037
0.5017
0.4999
0.4982
0.4964
0.4949
0.4934
0.4914
0.4892
0.4866
0.4836
0.4805
0.4777
0.4749
0.4724
0.47
0.4677
0.4651
0.4625
0.4598
0.457
0.4545
0.4525
0.4507
0.4497
0.4495
0.4497
0.4504
0.4519
0.4538
0.4561
0.4595
0.464
0.4694
0.4759
0.4834
0.4914
0.4996
0.5078
0.5158
0.5233
0.5305
0.5375
0.5444
0.5512
0.5578
0.5636
0.5682
0.5714
0.5729
0.5724
0.5706
0.5679
0.5643
0.5603
0.5568
0.5535
0.5502
0.5467
0.543
0.5388
0.5342
0.5297
0.526
0.5229
0.5208
0.5192
0.5177
0.5162
0.5145
0.5129
0.5115
0.5109
0.5109
0.5114
0.5121
0.5127
0.5128
0.5125
0.5118
0.511
0.5108
0.5112
0.5127
0.5154
0.5187
0.5222
0.5256
0.5283
0.5299
0.531
0.5319
0.5327
0.5337
0.5352
0.5365
0.5376
0.5382
0.538
0.537
0.5353
0.5329
0.5295
0.5259
0.5216
0.5167
0.5113
0.5056
0.4991
0.4924
0.4854
0.478
0.4701
0.4616
0.4522
0.4422
0.4316
0.4207
0.4098
0.3993
0.389
0.3794
0.3703
0.3617
0.3536
0.3461
0.3395
0.334
0.3299
0.3275
0.3267
0.3271
0.3286
0.3307
0.333
0.3354
0.3382
0.3415
0.3458
0.3514
0.3585
0.3672
0.3773
0.3885
0.4008
0.4138
0.4274
0.4412
0.4553
0.4694
0.4834
0.497
0.5098
0.5214
0.532
0.5409
0.5482
0.554
0.5584
0.561
0.5626
0.5631
0.5629
0.5615
0.5595
0.5565
0.5527
0.5482
0.5435
0.5387
0.5341
0.5302
0.5265
0.5225
0.5178
0.5115
0.5026
0.4916
0.4781
0.462
0.4447
0.4268
0.4089
0.3923
0.3779
0.3655
0.3555
0.3472
0.3397
0.3323
0.3243
0.3157
0.3069
0.2986
0.2916
0.2865
0.2835
0.2825
0.2833
0.2853
0.2879
0.2911
0.2947
0.2985
0.3027
0.3075
0.3127
0.3182
0.3243
0.3307
0.3375
0.3441
0.3509
0.3577
0.3641
0.3703
0.3766
0.3823
0.3875
0.3923
0.3968
0.4007
0.4046
0.4084
0.412
0.4153
0.4184
0.4209
0.4231
0.4251
0.4268
0.4283
0.4297
0.431
0.432
0.433
0.434
0.4351
0.436
0.4369
0.4372
0.4371
0.4359
0.4342
0.4319
0.4298
0.4282
0.4278
0.4283
0.4303
0.4328
0.4351
0.4367
0.4372
0.4363
0.4348
0.4335
0.433
0.4342
0.4373
0.442
0.4476
0.4536
0.4591
0.4633
0.4663
0.4684
0.4704
0.4731
0.4772
0.4829
0.4903
0.4981
0.5055
0.5118
0.5161
0.5182
0.5185
0.5178
0.5163
0.5147
0.5131
0.5114
0.5087
0.5049
0.4998
0.4933
0.4857
0.4777
0.4693
0.4605
0.4516
0.4423
0.433
0.4237
0.4149
0.4063
0.3981
0.3902
0.3823
0.3744
0.3667
0.3593
0.3523
0.3462
0.3409
0.3362
0.332
0.3282
0.3244
0.3211
0.3185
0.3171
0.3172
0.3192
0.323
0.3284
0.335
0.3427
0.3511
0.3604
0.3707
0.3819
0.3943
0.4077
0.4218
0.4359
0.4501
0.4636
0.4763
0.4879
0.4986
0.5083
0.5172
0.5252
0.5329
0.5399
0.5463
0.5518
0.5566
0.5601
0.5627
0.5644
0.5654
0.5652
0.5642
0.5622
0.5586
0.5538
0.5477
0.5403
0.5319
0.5228
0.5134
0.5039
0.4947
0.4861
0.478
0.4701
0.4621
0.4536
0.4442
0.4334
0.4215
0.4089
0.3959
0.3833
0.3718
0.362
0.3533
0.346
0.3396
0.3337
0.3282
0.3238
0.3205
0.3194
0.3207
0.3244
0.3298
0.3361
0.3421
0.3466
0.3494
0.3502
0.3498
0.349
0.3492
0.3512
0.3562
0.3648
0.3768
0.3917
0.4089
0.4274
0.4462
0.4649
0.4836
0.5021
0.5205
0.5387
0.5569
0.5748
0.5918
0.6077
0.6222
0.6345
0.6445
0.6523
0.6581
0.6621
0.6651
0.6671
0.668
0.6679
0.6662
0.6622
0.6565
0.6496
0.6414
0.6325
0.6236
0.6143
0.6045
0.5944
0.5836
0.5718
0.5593
0.5458
0.5318
0.5176
0.5037
0.4904
0.4781
0.467
0.4568
0.4479
0.44
0.4331
0.4267
0.4211
0.4159
0.4109
0.406
0.4017
0.3978
0.3944
0.3917
0.3897
0.388
0.3864
0.385
0.3834
0.3817
0.38
0.3786
0.3777
0.3774
0.3779
0.379
0.3807
0.3829
0.3857
0.3887
0.3922
0.3961
0.4
0.4036
0.4069
0.4094
0.411
0.4118
0.4119
0.4113
0.4101
0.4081
0.4052
0.4012
0.3959
0.3897
0.3827
0.3753
0.3677
0.3606
0.354
0.3482
0.3431
0.3387
0.3345
0.3302
0.3254
0.3196
0.3127
0.3048
0.2959
0.2861
0.2758
0.2648
0.2528
0.2402
0.2267
0.2128
0.1988
0.1857
0.1736
0.1631
0.1538
0.1453
0.1368
0.1278
0.1179
0.1074
0.0965
0.0855
0.0745
0.064
0.0544
0.046
0.0393
0.0352
0.0338
0.0353
0.04
0.048
0.0595
0.0741
0.0917
0.1118
0.1341
0.158
0.183
0.2088
0.2348
0.2604
0.2851
0.3085
0.3304
0.351
0.3704
0.389
0.4074
0.4257
0.444
0.462
0.4798
0.4969
0.5133
0.5289
0.5441
0.5588
0.5729
0.5864
0.599
0.6098
0.6182
0.6239
0.6266
0.6266
0.6244
0.6203
0.6144
0.607
0.5982
0.5877
0.5758
0.5631
0.5496
0.5356
0.5216
0.5073
0.4923
0.4767
0.4602
0.4426
0.4243
0.4057
0.387
0.3686
0.351
0.3338
0.3165
0.2988
0.2801
0.2599
0.2386
0.2167
0.1946
0.1728
0.1516
0.1308
0.1108
0.0916
0.0739
0.0587
0.0475
0.041
0.0402
0.0447
0.054
0.0675
0.0829
0.0992
0.1157
0.1314
0.1456
0.1583
0.1691
0.178
0.1854
0.1918
0.1974
0.2026
0.2075
0.2117
0.2146
0.2161
0.2157
0.2133
0.2092